0 790 389
1 271 338
2 568 384
3 534 356
4 267 313
5 874 335
6 258 370
7 800 328
8 501 372
9 816 338
10 258 331
11 259 325
12 269 337
13 813 345
14 794 335
15 282 293
16 283 353
17 548 365
18 514 351
19 264 322
20 843 333
21 813 329
22 826 506
23 271 384
24 256 347
25 234 321
26 289 330
27 258 360
28 248 403
29 485 320
30 773 361
31 570 364
32 542 373
33 301 384
34 278 375
35 788 348
36 799 288
37 252 432
38 234 320
39 811 343
40 268 429
41 863 406
42 776 376
43 212 284
44 790 350
45 862 339
46 298 367
47 762 408
48 793 343
49 471 309
50 862 362
51 274 347
52 247 348
53 793 343
54 857 315
55 284 395
56 252 429
57 845 411
58 319 302
59 803 332
60 782 334
61 506 346
62 531 358
63 552 419
64 503 346
65 841 431
66 309 435
67 275 372
68 808 323
69 221 427
70 289 321
71 783 317
72 265 442
73 762 451
74 293 318
75 283 428
76 274 346
77 254 353
78 782 416
79 271 321
80 273 342
81 265 301
82 793 357
83 262 359
84 759 322
85 286 299
86 783 333
87 812 348
88 790 375
89 283 309
90 805 361
91 783 351
92 273 352
93 338 350
94 291 301
95 795 435
96 800 339
97 281 319
98 275 328
99 264 309
100 800 318
101 587 357
102 531 362
103 250 335
104 768 395
105 869 420
106 380 346
107 694 335
108 660 214
109 829 361
110 800 330
111 284 319
112 740 409
113 820 385
114 516 372
115 296 294
116 785 317
117 277 320
118 551 367
119 528 361
120 802 342
121 776 310
122 808 328
123 823 410
124 515 376
125 544 358
126 257 423
127 268 325
128 803 315
129 235 353
130 800 322
131 286 334
132 753 362
133 819 339
134 792 347
135 776 353
136 270 313
137 286 386
138 562 381
139 538 359
140 818 308
141 264 327
142 267 336
143 286 346
144 812 398
145 787 298
146 249 295
147 790 337
148 346 474
149 786 175
150 267 378
151 858 361
152 786 358
153 818 373
154 778 332
155 244 325
156 299 313
157 220 329
158 791 435
159 821 314
160 238 327
161 509 390
162 464 294
163 529 357
164 276 331
165 785 349
166 270 328
167 255 305
168 827 319
169 795 327
170 259 333
171 275 331
172 776 335
173 282 309
174 280 304
175 787 332
176 563 366
177 516 337
178 818 356
179 233 332
180 790 304
181 290 347
182 789 346
183 787 354
184 278 336
185 816 363
186 759 413
187 438 375
188 804 346
189 823 357
190 780 452
191 292 410
192 279 350
193 801 363
194 782 310
195 263 323
196 267 335
197 792 333
198 311 307
199 267 278
200 519 369
201 525 362
202 308 337
203 789 340
204 781 328
205 276 377
206 271 406
207 279 329
208 773 362
209 793 359
210 259 341
211 247 343
212 796 338
213 839 295
214 245 352
215 266 344
216 814 353
217 539 375
218 823 305
219 290 287
220 297 338
221 811 335
222 757 303
223 806 355
224 803 430
225 785 318
226 335 279
227 760 345
228 294 353
229 526 334
230 804 297
231 805 339
232 280 324
233 807 357
234 228 414
235 834 310
236 287 359
237 804 295
238 785 338
239 780 337
240 267 279
241 290 322
242 505 337
243 278 310
244 247 331
245 800 361
246 274 344
247 799 337
248 320 337
249 793 336
250 277 290
251 790 341
252 813 349
253 277 343
254 321 324
255 787 340
256 818 350
257 314 308
258 793 331
259 313 323
260 797 317
261 263 387
262 796 430
263 299 389
264 278 313
265 792 325
266 820 332
267 268 325
268 810 318
269 259 308
270 302 346
271 531 351
272 271 331
273 782 354
274 299 324
275 347 293
276 793 329
277 318 327
278 789 318
279 810 345
280 259 336
281 268 345
282 801 338
283 274 319
284 802 373
285 250 440
286 773 365
287 278 305
288 259 289
289 813 359
290 298 435
291 274 353
292 771 343
293 319 346
294 771 349
295 788 402
296 287 361
297 781 337
298 290 340
299 789 325
