1 768 390
2 298 345
3 547 380
4 534 388
5 298 316
6 590 371
7 288 365
8 778 334
9 520 367
10 784 337
11 280 333
12 282 326
13 288 337
14 786 336
15 283 576
16 307 304
17 308 344
18 524 377
19 485 346
20 302 518
21 810 328
22 795 328
23 820 506
24 280 386
25 240 398
26 240 318
27 307 334
28 267 356
29 254 408
30 484 325
31 322 182
32 558 371
33 540 367
34 319 372
35 296 374
36 766 340
37 792 290
38 241 426
39 274 319
40 617 350
41 752 532
42 214 393
43 556 360
44 212 278
45 764 348
46 564 419
47 320 356
48 726 528
49 787 342
50 476 314
51 418 598
52 306 345
53 285 356
54 776 346
55 662 470
56 294 394
57 278 428
58 294 592
59 348 302
60 786 342
61 750 335
62 536 345
63 510 360
64 528 416
65 475 356
66 836 347
67 324 423
68 296 372
69 770 338
70 238 418
71 318 320
72 760 324
73 393 462
74 748 460
75 302 316
76 312 430
77 290 334
78 274 346
79 461 141
81 296 331
81 296 331
82 290 297
83 768 340
84 304 348
85 752 320
86 304 292
87 750 321
88 794 328
89 517 448
90 288 304
91 789 352
92 758 351
93 295 345
94 362 356
95 626 339
96 786 420
97 784 324
98 318 324
100 284 306
100 284 306
101 778 306
102 546 364
103 508 360
104 292 338
105 749 394
106 844 440
107 462 375
108 397 156
109 446 356
110 638 417
111 530 198
112 317 318
113 686 450
114 804 370
115 522 364
116 316 308
117 773 324
118 304 322
119 530 362
120 556 356
121 775 338
122 758 320
123 781 318
124 799 406
125 486 376
126 520 370
127 251 404
128 288 317
129 786 315
130 274 354
131 779 318
132 308 330
133 569 214
134 756 334
135 765 340
136 684 422
137 294 312
138 304 391
139 535 379
140 524 354
141 798 318
142 286 318
143 766 334
144 292 348
145 730 324
146 758 309
147 280 288
148 780 336
149 310 514
150 742 188
151 288 364
152 822 354
153 766 348
154 784 355
155 341 612
156 370 460
157 338 326
158 386 608
159 370 158
160 808 304
161 246 321
162 537 468
163 482 302
164 532 357
165 294 332
166 767 333
167 310 320
168 294 306
170 770 322
170 770 322
171 280 330
172 286 327
173 760 324
174 309 314
175 303 306
176 756 340
177 580 362
178 488 332
179 782 336
180 270 329
181 756 306
182 314 348
183 768 342
184 336 408
185 308 332
186 789 349
187 534 358
188 444 370
189 789 230
190 792 350
191 774 448
192 302 396
193 490 676
194 790 364
195 767 312
196 298 318
197 278 326
198 786 519
199 321 398
200 302 286
201 538 369
202 534 376
203 306 332
204 765 334
205 772 320
206 275 370
207 576 461
208 438 672
209 755 336
210 782 345
211 283 332
212 418 558
213 548 504
214 792 302
215 281 352
216 270 352
217 802 352
218 528 389
219 787 314
220 292 282
221 295 334
222 544 379
223 716 304
224 787 341
225 530 356
226 778 319
227 338 285
228 756 345
229 308 338
230 502 340
231 777 300
232 330 170
233 310 318
234 786 350
235 258 406
236 804 308
237 822 340
238 287 460
239 774 330
240 644 660
241 274 274
242 770 199
243 352 522
244 253 334
245 269 329
246 780 360
247 296 336
248 772 333
249 344 330
250 757 326
251 302 268
252 302 510
253 676 444
254 246 521
255 320 318
256 770 324
257 305 590
258 314 300
259 752 336
260 325 312
261 780 326
262 288 386
263 537 618
264 334 400
265 296 317
266 776 322
267 794 324
268 288 318
269 788 330
270 267 319
271 310 346
272 524 370
273 300 321
274 759 357
275 316 320
276 360 294
277 775 328
278 310 328
279 762 326
280 782 338
281 282 330
282 284 338
283 794 333
284 314 319
285 776 382
286 265 418
287 740 422
288 350 362
289 292 297
290 772 350
291 308 422
292 298 343
293 764 342
294 312 331
295 747 334
296 796 425
297 269 380
298 782 326
299 302 336
300 772 322
